**ABCDEFGHIJKLMNOPQRSTUVWXYZabcdefghijklmnopqrstuvwxyz**************************
**PARASOLID !"#$%&'()*+,-./:;<=>?@[\]^_`{|}~0123456789**************************
**PART1;
MC=unknown;
MC_MODEL=unknown;
MC_ID=unknown;
OS=unknown;
OS_RELEASE=unknown;
FRU=Parasolid 37.1.212;
APPL=Onshape;
SITE=unknown;
USER=unknown;
FORMAT=text;
GUISE=transmit;
KEY=BTGapi::writeModels_.xmt;
FILE=BTGapi::writeModels_.xmt;
DATE=2025-12-03T07:26:54 (UTC);
**PART2;
SCH=SCH_3701212_37102;
USFLD_SIZE=0;
**PART3;
**END_OF_HEADER*****************************************************************
T51 : TRANSMIT FILE created by modeller version 370121223 SCH_3701212_37102_1300
6239 0 12 36 CCCI7 lattice222 0 CCCI4 mesh1006 0 I8 polyline1008 0 CCCCCCCDI5 ow
ner1040 0 CCCI16 boundary_lattice222 0 CCCI13 boundary_mesh1006 0 I17 boundary_p
olyline1008 0 CCCA16 index_map_offset0 0 1 dA9 index_map82 0 A17 node_id_index_m
ap82 0 A20 schema_embedding_map82 0 A5 child12 0 A14 lowest_node_id0 0 1 dA16 me
sh_offset_data206 0 Z1 291 2 3 0 0 0 0 0 0 0 1e3 1e-8 0 4 5 1 0 1 1 6 0 7 8 0 0
 0 9 10 0 0 0 0 0 0 0 0 81 255 1 2 282 11 1 12 0 0 0 13 70 11 CI9 list_type0 0 1
 uI10 notransmit0 0 1 lCCCDCCDI12 finger_index0 0 1 dI12 finger_block1012 0 CZ3
 0 4 T1 0 0 5 20 1 14 14 13 255 6 39 0 1 0 15 0 0 16 0 54 255 7 265 0 17 18 0 0
 +0 -.01 2602374448188125e-33 0 -1 0 .0375 .005 0 0 -1 31 255 8 235 0 10 19 0 0
 +0 -.015 2602374448188125e-33 0 -1 0 0 0 -1 .0375 19 9 CCCCCCI5 frame230 0 CA5
 owner12 0 Z9 13 0 1 16 0 20 0 V0 16 255 10 232 21 ?22 0 23 8 0 0 1 81 1 21 272
 24 10 0 0 25 27 30 17 255 22 0 29 22 22 0 26 10 0 0 +16 23 226 28 ?34 10 35 19
 0 0 1 81 1 28 274 24 23 0 0 27 32 33 17 34 0 31 34 34 0 38 23 0 0 +16 35 174 40
 ?36 23 39 37 0 0 1 31 19 229 0 23 37 8 0 +0 .02 3061616997868385e-33 0 1 0 0 0
 1 .0375 31 37 177 0 35 41 19 0 -0 0 2602374448188125e-33 0 -1 0 0 0 -1 .0325 31
 41 171 0 39 45 37 0 +0 -.01 2602374448188125e-33 0 -1 0 0 0 -1 .0425 16 39 168
 27 ?43 35 42 41 0 0 1 31 45 165 0 42 44 41 0 -0 .005 3061616997868385e-33 0 1 0
 0 0 1 .0325 16 42 162 46 ?50 39 48 45 0 0 1 31 44 159 0 48 47 45 0 +0 .015 3061
616997868385e-33 0 1 0 0 0 1 .0425 16 48 156 32 ?49 42 51 44 0 0 1 31 47 94 0 51
 55 44 0 +0 0 459242549680257e-33 0 1 0 0 0 1 .0075 16 51 58 52 ?53 48 54 47 0 0
 1 31 55 95 0 54 0 47 0 +0 .005 459242549680257e-33 0 1 0 0 0 1 .0075 16 54 73 5
7 ?60 51 0 55 0 0 1 81 1 57 152 24 54 0 0 59 40 56 17 60 0 58 60 60 0 61 54 0 0
 +15 255 58 142 0 60 62 0 17 61 0 64 61 61 0 60 54 0 0 -15 64 79 0 61 63 65 14 2
55 63 76 68 ?69 67 64 6 70 -0 0 69 67 20 15 65 80 0 53 63 0 17 53 0 65 53 53 0 6
6 51 0 0 +17 66 0 75 66 66 0 53 51 0 0 -15 75 60 0 66 67 0 14 67 23 71 ?63 15 73
 6 72 -0 0 63 15 20 81 1 71 284 74 67 76 0 80 68 77 14 15 1 80 ?67 0 29 6 78 +0
 0 67 0 20 15 73 175 0 36 67 75 50 255 72 32 0 67 78 79 0 +0 0 0 0 -1 0 1 0 0 13
 20 14 0 0 0 0 0 0 9 15 50 78 3 0 15 70 72 0 +0 -.015 0 0 -1 0 1 0 0 54 79 194 0
 82 72 85 0 +0 .015 3061616997868385e-33 0 1 0 .0325 .01 0 0 1 14 82 187 84 ?81
 62 83 6 79 +0 0 81 62 20 54 85 207 0 81 79 18 0 +0 -.01 2602374448188125e-33 0
 -1 0 .0325 .01 0 0 -1 14 81 200 89 ?90 82 87 6 85 +0 0 90 82 20 54 18 252 0 90
 85 7 0 +0 .015 3061616997868385e-33 0 1 0 .0375 .005 0 0 1 14 90 245 88 ?17 81
 86 6 18 +0 0 17 81 20 81 1 88 290 74 90 93 0 89 95 91 14 17 258 95 ?0 90 94 6 7
 +0 0 0 90 20 15 86 246 0 49 90 92 17 49 0 86 49 49 0 96 48 0 0 +15 92 247 0 38
 90 0 17 38 0 92 38 38 0 34 23 0 0 -17 96 0 100 96 96 0 49 48 0 0 -15 100 189 0
 96 82 0 81 1 95 291 74 17 98 0 88 0 97 15 94 259 0 43 17 99 17 43 0 94 43 43 0
 101 39 0 0 +15 99 260 0 26 17 0 17 26 0 99 26 26 0 22 10 0 0 -17 101 0 105 101
 101 0 43 39 0 0 -15 105 202 0 101 81 0 80 7 CCCCCDI12 legal_owners0 17 1 lCZ1 7
4 0 103 8001 0 0 0 0 3 5 0 0 0 FFFFTFTFFFFFFFFFF2 81 1 98 276 24 17 0 95 32 93 1
02 83 255 3 97 .615686274509804 .811764705882353 .929411764705882 80 1 24 104 10
6 9000 0 0 0 0 3 6 0 0 0 FFTFTFTTFFFFFFFFF1 81 1 32 275 24 48 0 0 28 98 110 81 1
 93 277 24 90 0 88 98 107 108 82 255 3 102 16